1 9.152263
2 0.474512
3 0.390286
4 0.351915
5 0.274635
6 0.233347
7 0.192877
8 0.188528
9 0.181690
10 0.186367
11 0.180240
12 0.171428
13 0.185104
14 0.162728
15 0.154731
16 0.148358
17 0.172197
18 0.150880
19 0.146407
20 0.141781
21 0.138244
22 0.135538
23 0.133389
24 0.131346
25 0.129654
26 0.127944
27 0.126205
28 0.141967
29 0.172282
30 0.168261
31 0.164223
32 0.160218
33 0.156417
34 0.178219
35 0.172536
36 0.166530
37 0.161497
38 0.158212
39 0.183245
40 0.177589
41 0.172031
42 0.166652
43 0.161648
44 0.157007
45 0.184199
46 0.179096
47 0.174091
48 0.169373
49 0.165403
50 0.164604
51 0.162429
52 0.159069
53 0.189102
54 0.185635
55 0.180785
56 0.176920
57 0.173661
58 0.170538
59 0.167081
60 0.162613
61 0.159537
62 0.156761
63 0.188389
64 0.185572
65 0.182586
66 0.179634
67 0.175435
68 0.172828
69 0.170253
70 0.167692
71 0.165608
72 0.163370
73 0.161154
74 0.159046
75 0.157047
76 0.155230
77 0.153348
78 0.186918
79 0.184906
80 0.183087
81 0.181389
82 0.179686
83 0.178255
84 0.176664
85 0.175072
86 0.173664
87 0.172184
88 0.170892
89 0.169583
90 0.168291
91 0.166996
92 0.165795
93 0.164688
94 0.163674
95 0.162654
96 0.161638
97 0.160616
98 0.159693
99 0.158680
100 0.157849
