0 0
.3 .05118265000000000000
.6 .11177590000000000000
.9 .18928250000000000000
1.2 .22952910000000000000
1.5 .28474435000000000000
1.8 .26379140000000000000
2.1 .47274870000000000000
2.4 .56637090000000000000
2.7 .62309075000000000000
3.0 .49530330000000000000
3.3 .78125165000000000000
3.6 .57025550000000000000
3.9 .62600900000000000000
4.2 .73104110000000000000
4.5 .74997810000000000000
4.8 .84905870000000000000
5.1 1.06829005000000000000
5.4 .75138215000000000000
5.7 1.17386385000000000000
6.0 1.41570805000000000000
6.3 1.22615750000000000000
6.6 .98357960000000000000
6.9 1.08061670000000000000
7.2 1.35896210000000000000
7.5 1.30721415000000000000
7.8 1.41260035000000000000
8.1 1.54749225000000000000
8.4 1.32031240000000000000
8.7 1.36737740000000000000
9.0 1.77680365000000000000
9.3 1.16878910000000000000
9.6 1.29957900000000000000
9.9 2.20337040000000000000
10.2 1.95929035000000000000
10.5 1.81679040000000000000
10.8 1.79932745000000000000
11.1 1.66172270000000000000
11.4 2.24860310000000000000
11.7 2.65760995000000000000
12.0 2.11249915000000000000
12.3 2.20920395000000000000
12.6 2.68009355000000000000
12.9 2.12231115000000000000
13.2 2.10342695000000000000
13.5 2.95409180000000000000
13.8 2.65868005000000000000
14.1 3.08280875000000000000
14.4 2.66830495000000000000
14.7 2.53736030000000000000
15.0 3.06033130000000000000
15.3 2.69393000000000000000
15.6 3.76036845000000000000
15.9 2.83265345000000000000
16.2 3.18138295000000000000
16.5 3.01868380000000000000
16.8 4.31281070000000000000
17.1 3.11494860000000000000
17.4 3.98820410000000000000
17.7 3.52612125000000000000
18.0 3.76246525000000000000
18.3 2.67838790000000000000
18.6 2.99493805000000000000
18.9 4.02988610000000000000
19.2 3.87767355000000000000
19.5 4.60865765000000000000
19.8 3.62491720000000000000
20.1 4.01404165000000000000
20.4 3.92572385000000000000
20.7 3.49521795000000000000
21.0 6.86440995000000000000
21.3 3.73074165000000000000
21.6 4.68513500000000000000
21.9 4.34066595000000000000
22.2 5.20167685000000000000
22.5 4.06125835000000000000
22.8 4.43859635000000000000
23.1 4.54375730000000000000
23.4 3.66919175000000000000
23.7 3.88037675000000000000
24.0 4.48345795000000000000
24.3 4.78911710000000000000
24.6 4.40222025000000000000
24.9 3.90938505000000000000
25.2 4.92616085000000000000
25.5
25.8 5.26478335000000000000
26.1 6.75541855000000000000
26.4 4.86892205000000000000
26.7 4.75204535000000000000
27.0 5.49950830000000000000
27.3 6.33166000000000000000
27.6 4.90150595000000000000
27.9 4.75048515000000000000
28.2 5.46579795000000000000
28.5 5.92758000000000000000
28.8 5.82139370000000000000
29.1 5.68339425000000000000
29.4 6.18332405000000000000
29.7 5.90640585000000000000
30.0 7.45873275000000000000
