1 0.150511
2 0.149467
3 0.164725
4 0.183014
5 0.178257
6 0.176811
7 0.175060
8 0.174426
9 0.174149
10 0.173610
11 0.172947
12 0.172132
13 0.170912
14 0.169758
15 0.168209
16 0.166478
17 0.164450
18 0.162413
19 0.160065
20 0.157262
21 0.154848
22 0.152139
23 0.149751
24 0.147324
25 0.179741
26 0.177221
27 0.174463
28 0.171919
29 0.169218
30 0.166832
31 0.164380
32 0.161971
33 0.159846
34 0.157669
35 0.155422
36 0.153472
37 0.151714
38 0.149807
39 0.147916
40 0.181840
41 0.180100
42 0.178353
43 0.176814
44 0.175095
45 0.173490
46 0.171975
47 0.170562
48 0.170681
49 0.169256
50 0.168028
51 0.166798
52 0.165682
53 0.164447
54 0.163336
55 0.162296
56 0.161262
57 0.160244
58 0.159303
59 0.158372
60 0.157428
61 0.156582
62 0.155736
63 0.154979
64 0.154278
65 0.153382
66 0.152793
67 0.151907
68 0.151229
69 0.186990
70 0.186047
71 0.185515
72 0.184888
73 0.184352
74 0.183779
75 0.183239
76 0.182891
77 0.182351
78 0.181899
79 0.181450
80 0.182513
81 0.182163
82 0.180907
83 0.182069
84 0.181902
85 0.181536
86 0.181184
87 0.180795
88 0.182150
89 0.181580
90 0.181567
91 0.180842
92 0.180321
93 0.180445
94 0.180054
95 0.179546
96 0.179274
97 0.179059
98 0.178986
99 0.178769
100 0.178745
