0 0
.3 .05125135000000000000
.6 .11200235000000000000
.9 .18973380000000000000
1.2 .23039945000000000000
1.5 .28597905000000000000
1.8 .26670510000000000000
2.1 .48783690000000000000
2.4 .58863790000000000000
2.7 .63766110000000000000
3.0 .50413330000000000000
3.3 .81295045000000000000
3.6 .58799815000000000000
3.9 .64220700000000000000
4.2 .76002790000000000000
4.5 .78073440000000000000
4.8 .89301155000000000000
5.1 1.10867010000000000000
5.4 .77873710000000000000
5.7 1.22235495000000000000
6.0 1.47443230000000000000
6.3 1.28351810000000000000
6.6 1.02453185000000000000
6.9 1.11957075000000000000
7.2 1.41999800000000000000
7.5 1.38934860000000000000
7.8 1.48234745000000000000
8.1 1.63319920000000000000
8.4 1.38238970000000000000
8.7
9.0 1.84614095000000000000
9.3 1.22402040000000000000
9.6 1.36287560000000000000
9.9 2.31241035000000000000
10.2 2.04975525000000000000
10.5 1.91002560000000000000
10.8 1.86034320000000000000
11.1 1.73777160000000000000
11.4 2.33933480000000000000
11.7 2.76679515000000000000
12.0 2.21481845000000000000
12.3 2.31706175000000000000
12.6 2.80114805000000000000
12.9 2.21521350000000000000
13.2 2.21715490000000000000
13.5 3.06704955000000000000
13.8 2.79342130000000000000
14.1 3.21496295000000000000
14.4 2.77660590000000000000
14.7 2.64581760000000000000
15.0 3.15909335000000000000
15.3 2.85297575000000000000
15.6 3.90677165000000000000
15.9 2.93328555000000000000
16.2 3.29239755000000000000
16.5 3.15645730000000000000
16.8 4.50541780000000000000
17.1 3.28566330000000000000
17.4 4.17872405000000000000
17.7 3.63757660000000000000
18.0 3.97321485000000000000
18.3 2.80280160000000000000
18.6 3.10284550000000000000
18.9 4.16655825000000000000
19.2 4.11663575000000000000
19.5 4.82825980000000000000
19.8 3.80267860000000000000
20.1 4.20380540000000000000
20.4 4.04436810000000000000
20.7 3.69541565000000000000
21.0 5.61148500000000000000
21.3 3.94546795000000000000
21.6 4.94376875000000000000
21.9 4.54013340000000000000
22.2 5.43137680000000000000
22.5 4.28376070000000000000
22.8 4.59873395000000000000
23.1 4.85888070000000000000
23.4 3.83951690000000000000
23.7 4.05603930000000000000
24.0 4.64739545000000000000
24.3 4.96531670000000000000
24.6 4.60826935000000000000
24.9 4.08929310000000000000
25.2 5.30841555000000000000
25.5 4.87616800000000000000
25.8 5.62992620000000000000
26.1 6.99380520000000000000
26.4 5.15087420000000000000
26.7 4.92322500000000000000
27.0 5.77772235000000000000
27.3 6.56953635000000000000
27.6 6.66229320000000000000
27.9 4.97888510000000000000
28.2 5.67592620000000000000
28.5 6.34056240000000000000
28.8 6.01260855000000000000
29.1 7.02746640000000000000
29.4 8.30583850000000000000
29.7 7.48648485000000000000
30.0 7.68696690000000000000
