0 0.000000
1 0.457402
2 0.650346
3 1.162665
4 1.916141
5 1.807154
6 1.626901
7 1.966862
8 2.011419
9 2.207595
10 2.446741
11 2.079198
12 1.743408
13 1.663642
14 1.489885
15 1.931363
16 1.173196
17 1.397593
18 0.730234
19 0.542272
20 0.889451
21 0.697658
22 0.196683
23 0.307678
24 0.690847
25 0.914036
26 1.142258
27 0.889306
28 0.981612
29 0.743747
30 1.163742
31 0.854570
32 1.781878
33 1.516924
34 1.684995
35 1.729717
36 1.487250
37 1.506658
38 1.249209
39 1.201768
40 0.825014
41 1.068335
42 1.037081
43 1.406022
44 1.544137
45 1.845795
46 1.923950
47 1.194204
48 1.375569
49 1.463560
50 1.508278
51 1.477026
52 1.370628
53 1.740813
54 1.623382
55 2.108630
56 2.149181
57 1.750142
58 1.573554
59 2.122654
60 2.162410
61 2.333622
62 2.219131
63 2.152196
64 2.501393
65 1.982859
66 1.782367
67 1.943497
68 1.781563
69 1.670351
70 1.990634
71 1.766067
72 2.649255
73 3.272206
74 3.224625
75 3.299932
76 2.816928
77 2.725068
78 2.645289
79 3.262558
80 3.841349
81 3.604798
82 3.729330
83 3.714104
84 3.651005
85 3.355198
86 2.617965
87 2.364499
88 2.244236
89 2.778677
90 2.310423
91 2.581799
92 3.012505
93 2.369358
94 2.785545
95 2.730929
96 2.971368
97 3.253093
98 4.067674
99 4.118545
100 4.348955
