1 0.171560
2 0.168612
3 0.169561
4 0.169405
5 0.169199
6 0.167301
7 0.167271
8 0.167051
9 0.166499
10 0.166051
11 0.165634
12 0.165148
13 0.166074
14 0.165343
15 0.164477
16 0.163826
17 0.162977
18 0.161961
19 0.161098
20 0.160505
21 0.159751
22 0.159011
23 0.158427
24 0.157594
25 0.158395
26 0.157830
27 0.157196
28 0.156394
29 0.155835
30 0.155285
31 0.154188
32 0.153468
33 0.153229
34 0.152483
35 0.152163
36 0.188620
37 0.188037
38 0.187568
39 0.188148
40 0.188000
41 0.187513
42 0.186586
43 0.187641
44 0.187178
45 0.186865
46 0.186368
47 0.185988
48 0.185731
49 0.185314
50 0.186850
51 0.186414
52 0.186197
53 0.185886
54 0.185570
55 0.185360
56 0.185041
57 0.184812
58 0.184197
59 0.183666
60 0.183317
61 0.183262
62 0.182799
63 0.182575
64 0.182359
65 0.182223
66 0.182004
67 0.181678
68 0.181456
69 0.181601
70 0.181035
71 0.180884
72 0.180732
73 0.180810
74 0.180360
75 0.180077
76 0.181608
77 0.181452
78 0.181401
79 0.181241
80 0.181191
81 0.181031
82 0.180975
83 0.180850
84 0.180757
85 0.180698
86 0.180632
87 0.180588
88 0.180601
89 0.180440
90 0.180379
91 0.180317
92 0.180268
93 0.180272
94 0.180210
95 0.180218
96 0.180115
97 0.180056
98 0.180057
99 0.180064
100 0.180002
