0 0.000000
1 0.455933
2 0.656330
3 1.195741
4 2.024713
5 1.879097
6 1.661385
7 2.080809
8 2.123070
9 2.346489
10 2.580991
11 2.125411
12 1.770684
13 1.694373
14 1.566981
15 2.031123
16 1.174420
17 1.455822
18 0.734769
19 0.567927
20 0.912551
21 0.701075
22 0.198513
23 0.312615
24 0.710979
25 0.947736
26 1.189040
27 0.887445
28 0.986472
29 0.747304
30 1.212260
31 0.879017
32 1.820087
33 1.549730
34 1.721485
35 1.767334
36 1.520627
37 1.542036
38 1.278345
39 1.207485
40 0.840476
41 1.102285
42 1.075757
43 1.446450
44 1.548414
45 1.885302
46 1.967067
47 1.231738
48 1.425518
49 1.498801
50 1.543552
51 1.487184
52 1.392293
53 1.750109
54 1.634016
55 2.144869
56 2.185219
57 1.773845
58 1.590062
59 2.167543
60 2.212973
61 2.382717
62 2.256467
63 2.187313
64 2.563640
65 2.028435
66 1.821418
67 1.989597
68 1.828411
69 1.742061
70 2.060580
71 1.824044
72 2.791936
73 3.411884
74 3.394035
75 3.485499
76 2.938179
77 2.832354
78 2.751430
79 3.410600
80 4.075399
81 3.774569
82 3.888609
83 3.881678
84 3.811239
85 3.526248
86 2.711310
87 2.451035
88 2.327974
89 2.892510
90 2.418146
91 2.682900
92 3.142020
93 2.486448
94 2.933564
95 2.835875
96 3.080651
97 3.378892
98 4.235472
99 4.343813
100 4.598815
