0 0.000000
1 0.454809
2 0.708766
3 1.310647
4 2.190999
5 2.051183
6 1.852930
7 2.239637
8 2.298636
9 2.535977
10 2.859639
11 2.363332
12 1.952142
13 1.890407
14 1.701937
15 2.202675
16 1.187708
17 1.560167
18 0.745407
19 0.601766
20 0.991803
21 0.712840
22 0.200173
23 0.315598
24 0.721473
25 1.004186
26 1.275654
27 0.891686
28 1.011187
29 0.763196
30 1.293654
31 0.890592
32 1.946370
33 1.656547
34 1.844272
35 1.878567
36 1.610503
37 1.645740
38 1.358947
39 1.237397
40 0.887867
41 1.170151
42 1.144595
43 1.541335
44 1.635995
45 1.997645
46 2.101007
47 1.311350
48 1.522661
49 1.591664
50 1.637313
51 1.491627
52 1.463309
53 1.806236
54 1.699873
55 2.280527
56 2.297902
57 1.861835
58 1.658469
59 2.300852
60 2.354203
61 2.532470
62 2.383992
63 2.184365
64 2.736028
65 2.158384
66 1.937689
67 2.124101
68 1.852434
69 1.815260
70 2.197645
71 1.941889
72 2.945346
73 3.658293
74 3.603055
75 3.697006
76 3.152271
77 3.021311
78 2.934976
79 3.656172
80 4.260592
81 4.031121
82 4.164683
83 4.165551
84 4.033940
85 3.678196
86 2.877084
87 2.615284
88 2.470069
89 3.100650
90 2.548315
91 2.867979
92 3.351377
93 2.611885
94 3.098894
95 3.032042
96 3.276507
97 3.579885
98 4.512446
99 4.532575
100 4.839915
