0 0
.3 .05130555000000000000
.6 .11217915000000000000
.9 .19106995000000000000
1.2 .23134795000000000000
1.5 .29254715000000000000
1.8 .27110085000000000000
2.1 .64518510000000000000
2.4 .62962300000000000000
2.7 1.13662710000000000000
3.0
3.3 1.26631260000000000000
3.6 1.33827230000000000000
3.9 2.04267380000000000000
4.2 2.35910070000000000000
4.5 2.93884685000000000000
4.8 3.63846915000000000000
5.1 4.60710975000000000000
5.4 3.50450345000000000000
5.7 5.08979550000000000000
6.0 4.40311825000000000000
6.3 5.50573880000000000000
6.6 4.27049715000000000000
6.9 4.66954985000000000000
7.2 5.22282790000000000000
7.5 6.19352775000000000000
7.8 6.27038025000000000000
8.1 7.38163980000000000000
8.4 6.40526005000000000000
8.7 6.04563490000000000000
9.0 6.79556745000000000000
9.3 7.88456195000000000000
9.6 7.75677740000000000000
9.9 10.01615655000000000000
10.2 10.29267235000000000000
10.5 9.53781995000000000000
10.8 8.92718075000000000000
11.1 8.43010330000000000000
11.4 10.76457210000000000000
11.7 9.91069675000000000000
12.0 12.11038810000000000000
12.3 10.74324145000000000000
12.6 11.10099685000000000000
12.9 13.26331895000000000000
13.2 14.27268170000000000000
13.5 13.18444865000000000000
13.8 12.29702135000000000000
14.1 14.21675675000000000000
14.4 16.70415375000000000000
14.7 12.84849105000000000000
15.0 16.66143465000000000000
15.3 14.65864760000000000000
15.6 15.36223435000000000000
15.9 12.88067995000000000000
16.2 17.68382600000000000000
16.5 15.88102280000000000000
16.8 15.88018895000000000000
17.1 17.40419075000000000000
17.4 20.95047770000000000000
17.7 18.68822200000000000000
18.0 19.82394790000000000000
18.3 16.56359905000000000000
18.6 16.43327460000000000000
18.9 19.82997550000000000000
19.2 18.09180625000000000000
19.5 18.22968645000000000000
19.8 18.55038600000000000000
20.1 22.36869355000000000000
20.4 20.97390625000000000000
20.7 16.28267095000000000000
21.0 22.63341630000000000000
21.3 19.20224245000000000000
21.6 23.10420265000000000000
21.9 19.41953030000000000000
22.2 24.94724055000000000000
22.5 21.46132350000000000000
22.8 22.97195065000000000000
23.1 22.04385875000000000000
23.4 25.31767605000000000000
23.7 23.21498365000000000000
24.0 24.70628275000000000000
24.3 23.73828320000000000000
24.6 27.98393165000000000000
24.9 25.75905235000000000000
25.2 26.60593215000000000000
25.5 24.00148430000000000000
25.8 22.87912510000000000000
26.1 30.76303845000000000000
26.4 24.65552185000000000000
26.7 26.13134790000000000000
27.0 25.47857080000000000000
27.3 30.16476035000000000000
27.6 29.62530610000000000000
27.9 27.61883295000000000000
28.2 28.75255680000000000000
28.5 28.00711295000000000000
28.8 25.93392660000000000000
29.1 32.72863395000000000000
29.4 32.74719835000000000000
29.7 34.83841595000000000000
30.0 29.94318335000000000000
