0 0
.3 .05113185000000000000
.6 .11164720000000000000
.9 .19046450000000000000
1.2 .22860350000000000000
1.5 .28436885000000000000
1.8 .26807495000000000000
2.1 .46847200000000000000
2.4 .55921240000000000000
2.7 .61942115000000000000
3.0 .48709600000000000000
3.3 .77156375000000000000
3.6 .56578355000000000000
3.9 .62092995000000000000
4.2 .72287005000000000000
4.5 .75453890000000000000
4.8 1.04510865000000000000
5.1 1.04411200000000000000
5.4 .74207070000000000000
5.7 1.17887565000000000000
6.0 1.37891510000000000000
6.3 1.35818515000000000000
6.6 1.32084080000000000000
6.9 1.41826035000000000000
7.2 1.40749215000000000000
7.5 1.66697765000000000000
7.8 1.40719450000000000000
8.1 1.88750310000000000000
8.4 1.91991565000000000000
8.7 1.52177875000000000000
9.0 1.87421095000000000000
9.3 1.49834245000000000000
9.6 1.72468980000000000000
9.9 3.57686465000000000000
10.2 3.53482195000000000000
10.5 3.12138670000000000000
10.8 3.21716105000000000000
11.1 2.71405940000000000000
11.4 3.69208185000000000000
11.7 4.39689120000000000000
12.0 4.52302935000000000000
12.3 3.88572425000000000000
12.6 4.88101875000000000000
12.9 4.93903090000000000000
13.2 6.04222110000000000000
13.5 5.83761060000000000000
13.8 5.91966185000000000000
14.1 6.81882705000000000000
14.4 9.27997025000000000000
14.7 5.99305180000000000000
15.0 8.55686075000000000000
15.3 6.99693600000000000000
15.6 7.89096585000000000000
15.9 4.94012270000000000000
16.2 9.79812915000000000000
16.5 7.29182680000000000000
16.8 7.73456000000000000000
17.1 9.62189270000000000000
17.4 12.50669090000000000000
17.7 10.66493245000000000000
18.0 10.13925800000000000000
18.3 8.89670745000000000000
18.6 9.33272185000000000000
18.9 11.17608815000000000000
19.2 10.88897170000000000000
19.5 9.81047790000000000000
19.8 9.13677465000000000000
20.1 14.23421925000000000000
20.4 12.78137235000000000000
20.7 8.57450135000000000000
21.0 14.84377870000000000000
21.3 10.64648555000000000000
21.6 14.47273985000000000000
21.9 10.56180255000000000000
22.2 16.20457335000000000000
22.5 12.84607205000000000000
22.8 15.44385375000000000000
23.1 12.59893745000000000000
23.4 17.27022930000000000000
23.7 15.38958305000000000000
24.0 16.24335470000000000000
24.3 14.81371985000000000000
24.6 19.50659005000000000000
24.9 16.93471505000000000000
25.2 18.31417340000000000000
25.5 16.09147415000000000000
25.8 15.53131270000000000000
26.1 22.71630825000000000000
26.4 17.10958670000000000000
26.7 16.46417240000000000000
27.0 16.91827960000000000000
27.3 21.34078245000000000000
27.6 20.82463400000000000000
27.9 19.10414465000000000000
28.2 21.41305710000000000000
28.5 19.11191955000000000000
28.8 17.41756900000000000000
29.1 23.89614905000000000000
29.4 24.80023340000000000000
29.7 25.30802755000000000000
30.0 19.77006880000000000000
