0 0
.3 .05123555000000000000
.6 .11192415000000000000
.9 .18958775000000000000
1.2 .23100480000000000000
1.5 .28713930000000000000
1.8 .26498785000000000000
2.1 .47978835000000000000
2.4 .57707345000000000000
2.7 .63873945000000000000
3.0 .54670175000000000000
3.3 .81381125000000000000
3.6 .65099375000000000000
3.9 1.18154005000000000000
4.2 1.39535405000000000000
4.5 1.48497285000000000000
4.8 2.56021555000000000000
5.1 2.69326200000000000000
5.4 1.97968645000000000000
5.7 3.19287435000000000000
6.0 2.82886775000000000000
6.3 3.33379845000000000000
6.6 2.57833295000000000000
6.9 2.88043435000000000000
7.2 3.60260535000000000000
7.5 4.19101230000000000000
7.8 3.93934485000000000000
8.1 5.03401220000000000000
8.4 4.35279900000000000000
8.7 4.05386740000000000000
9.0 4.95744095000000000000
9.3 5.67880500000000000000
9.6 5.49086960000000000000
9.9 7.97651630000000000000
10.2 8.21724100000000000000
10.5 7.29675555000000000000
10.8 7.06554380000000000000
11.1 6.41099955000000000000
11.4 8.72424475000000000000
11.7 7.67084040000000000000
12.0 10.01593370000000000000
12.3 8.72945690000000000000
12.6 9.13315145000000000000
12.9 11.15477705000000000000
13.2 11.99754150000000000000
13.5 10.92585395000000000000
13.8 10.12500325000000000000
14.1 12.28685460000000000000
14.4 14.71262790000000000000
14.7 10.90253945000000000000
15.0 14.73587600000000000000
15.3 12.48601890000000000000
15.6 13.61198700000000000000
15.9 10.58280485000000000000
16.2 15.35367865000000000000
16.5 13.75443155000000000000
16.8 13.59175570000000000000
17.1 15.47152310000000000000
17.4 18.81133580000000000000
17.7 16.59014195000000000000
18.0 17.29554860000000000000
18.3 14.41458640000000000000
18.6 14.37353245000000000000
18.9
19.2 15.90558370000000000000
19.5 15.66887115000000000000
19.8 16.36368080000000000000
20.1 20.29523005000000000000
20.4 18.79231960000000000000
20.7 14.21672320000000000000
21.0 20.36396015000000000000
21.3 17.11647895000000000000
21.6 20.74951440000000000000
21.9 17.29632475000000000000
22.2 22.72033635000000000000
22.5 19.15895170000000000000
22.8 20.95529335000000000000
23.1 19.78740710000000000000
23.4 23.50670470000000000000
23.7 21.26236510000000000000
24.0 22.57161690000000000000
24.3 21.56130285000000000000
24.6 25.95060685000000000000
24.9 23.67329995000000000000
25.2 24.60877510000000000000
25.5 22.09081785000000000000
25.8 20.79726785000000000000
26.1 28.81966360000000000000
26.4 22.77765890000000000000
26.7 23.81986415000000000000
27.0 23.30047305000000000000
27.3 26.68206460000000000000
27.6 27.44670610000000000000
27.9 25.15435430000000000000
28.2 26.93895490000000000000
28.5 25.87308105000000000000
28.8 23.68057640000000000000
29.1 30.72425755000000000000
29.4 30.68470100000000000000
29.7 32.75807520000000000000
30.0 27.90475360000000000000
