1 27.431410
2 168.687004
3 113.935789
4 6.886988
5 16.085966
6 4.224990
7 0.685368
8 0.567003
9 0.274126
10 0.444430
11 0.334193
12 0.587232
13 0.627529
14 0.652768
15 0.656362
16 0.692545
17 0.667581
18 0.329798
19 0.362234
20 0.359741
21 0.271578
22 0.240460
23 0.228987
24 0.277919
25 0.215295
26 0.111725
27 0.309023
28 0.309702
29 0.325402
30 0.138384
31 0.317441
32 0.299547
33 0.307434
34 0.317745
35 0.261458
36 0.295375
37 0.345392
38 0.283543
39 0.260752
40 0.309293
41 0.291614
42 0.354995
43 0.367731
44 0.425427
45 0.377018
46 0.392301
47 0.384596
48 0.368877
49 0.272117
50 0.246166
51 0.222233
52 0.212798
53 0.261449
54 0.296547
55 0.277074
56 0.280497
57 0.235975
58 0.220519
59 0.189772
60 0.178612
61 0.165784
62 0.151067
63 0.133671
64 0.120315
65 0.143356
66 0.199420
67 0.198492
68 0.187018
69 0.189702
70 0.193236
71 0.188618
72 0.184303
73 0.143384
74 0.166122
75 0.138104
76 0.145535
77 0.198991
78 0.150906
79 0.162485
80 0.179253
81 0.197455
82 0.212204
83 0.214718
84 0.164077
85 0.168100
86 0.170583
87 0.212073
88 0.220968
89 0.204128
90 0.186605
91 0.173333
92 0.182979
93 0.178521
94 0.189078
95 0.184808
96 0.151103
97 0.129308
98 0.155309
99 0.178610
100 0.175704
