0 0
.3 .05127325000000000000
.6 .11219370000000000000
.9 .18981785000000000000
1.2 .23239095000000000000
1.5 .29274695000000000000
1.8 .26925380000000000000
2.1 .59365895000000000000
2.4 .59525220000000000000
2.7 .90996330000000000000
3.0 .71530535000000000000
3.3 1.10812620000000000000
3.6 1.19532920000000000000
3.9 1.86341205000000000000
4.2 2.10839375000000000000
4.5 2.55022030000000000000
4.8 3.38237105000000000000
5.1 4.22553760000000000000
5.4 3.13228635000000000000
5.7 4.65793570000000000000
6.0 4.01109875000000000000
6.3 5.02620530000000000000
6.6 3.86890720000000000000
6.9 4.19183500000000000000
7.2 4.94461835000000000000
7.5 5.81320625000000000000
7.8 5.75527730000000000000
8.1 6.90262985000000000000
8.4 5.95459415000000000000
8.7 5.62216220000000000000
9.0 6.35031325000000000000
9.3 7.38698865000000000000
9.6 7.32793560000000000000
9.9 9.30292035000000000000
10.2 9.83839375000000000000
10.5 9.12742445000000000000
10.8 8.48900510000000000000
11.1 8.01521450000000000000
11.4 10.33578540000000000000
11.7 9.42177755000000000000
12.0 11.68175465000000000000
12.3 10.32642665000000000000
12.6 10.66007225000000000000
12.9 12.80842370000000000000
13.2 13.81744980000000000000
13.5 12.71386195000000000000
13.8 11.83691400000000000000
14.1 13.81427900000000000000
14.4 16.30223310000000000000
14.7 12.47652930000000000000
15.0 16.24533260000000000000
15.3 14.23473935000000000000
15.6 14.99464870000000000000
15.9 12.43716290000000000000
16.2 17.21768025000000000000
16.5 15.45348495000000000000
16.8 15.40493050000000000000
17.1 16.97595085000000000000
17.4 20.48624115000000000000
17.7 18.26952710000000000000
18.0 19.30629990000000000000
18.3 16.09999945000000000000
18.6 15.96819750000000000000
18.9 19.34777165000000000000
19.2 17.62519445000000000000
19.5 17.69289930000000000000
19.8 18.08373940000000000000
20.1 21.95801410000000000000
20.4 20.50888140000000000000
20.7 15.88325225000000000000
21.0 22.18953605000000000000
21.3 18.77532520000000000000
21.6 22.57983290000000000000
21.9 19.02931560000000000000
22.2 24.51722270000000000000
22.5 20.96992920000000000000
22.8 22.57305795000000000000
23.1 21.59371905000000000000
23.4 24.94114575000000000000
23.7 22.80435645000000000000
24.0 24.21433290000000000000
24.3 23.31272975000000000000
24.6 27.56262010000000000000
24.9 25.34091505000000000000
25.2 26.25416275000000000000
25.5 23.62127735000000000000
25.8 22.43389265000000000000
26.1 30.37877590000000000000
26.4 24.25758245000000000000
26.7 25.62928895000000000000
27.0 25.01184660000000000000
27.3 29.70631310000000000000
27.6 29.18089355000000000000
27.9 27.11176290000000000000
28.2 28.36748130000000000000
28.5 27.59885225000000000000
28.8 25.45137905000000000000
29.1 32.29465780000000000000
29.4 32.29977395000000000000
29.7 34.45383280000000000000
30.0 29.55383895000000000000
