0 0
.3 .05121015000000000000
.6 .11185625000000000000
.9 .18944345000000000000
1.2 .23086990000000000000
1.5 .28506170000000000000
1.8 .26491430000000000000
2.1 .47626285000000000000
2.4 .57206675000000000000
2.7 .62979400000000000000
3.0 .50009015000000000000
3.3 .79246475000000000000
3.6 .57624885000000000000
3.9 .63517300000000000000
4.2 .74561400000000000000
4.5 .76282845000000000000
4.8 .86571620000000000000
5.1 1.08102715000000000000
5.4 .76195595000000000000
5.7 1.20040305000000000000
6.0 1.44830755000000000000
6.3 1.24876780000000000000
6.6 1.00917460000000000000
6.9 1.10001065000000000000
7.2 1.38503620000000000000
7.5 1.34865415000000000000
7.8 1.43563965000000000000
8.1 1.59436010000000000000
8.4 1.35364965000000000000
8.7 1.39741115000000000000
9.0 1.80915535000000000000
9.3 1.19500625000000000000
9.6 1.32735880000000000000
9.9 2.26466845000000000000
10.2 2.00324515000000000000
10.5 1.86949690000000000000
10.8
11.1 1.68951425000000000000
11.4 2.29000850000000000000
11.7
12.0 2.16788705000000000000
12.3 2.26224375000000000000
12.6 2.74735885000000000000
12.9 2.17427260000000000000
13.2 2.16269910000000000000
13.5 3.00554740000000000000
13.8 2.72909105000000000000
14.1 3.14246450000000000000
14.4 2.72461290000000000000
14.7 2.59920405000000000000
15.0 3.11172845000000000000
15.3 2.76642155000000000000
15.6 3.84413255000000000000
15.9 2.88395235000000000000
16.2 3.23991140000000000000
16.5 3.09976280000000000000
16.8 4.40045070000000000000
17.1 3.21624470000000000000
17.4 4.08867965000000000000
17.7 3.58170565000000000000
18.0 3.88298605000000000000
18.3 2.75478340000000000000
18.6 3.05036400000000000000
18.9 4.11577880000000000000
19.2 4.00710710000000000000
19.5 4.71956540000000000000
19.8 3.71352085000000000000
20.1 4.11387470000000000000
20.4 3.98385925000000000000
20.7 3.59587180000000000000
21.0 5.49497035000000000000
21.3 3.86156850000000000000
21.6 4.81568925000000000000
21.9 4.45545310000000000000
22.2 5.33079985000000000000
22.5 4.16549505000000000000
22.8 4.52168520000000000000
23.1 4.71868110000000000000
23.4 3.76105300000000000000
23.7 3.97021205000000000000
24.0 4.58353315000000000000
24.3 4.83949425000000000000
24.6 4.52208960000000000000
24.9 4.00537405000000000000
25.2 5.10989815000000000000
25.5 4.78877710000000000000
25.8 5.45932420000000000000
26.1 6.86216905000000000000
26.4 5.02531170000000000000
26.7 4.84295590000000000000
27.0 5.69475310000000000000
27.3 6.45102985000000000000
27.6 5.02320455000000000000
27.9 4.86982045000000000000
28.2 5.56686435000000000000
28.5 6.14854905000000000000
28.8 5.92098560000000000000
29.1 5.79066330000000000000
29.4 6.33907905000000000000
29.7 6.05768705000000000000
30.0 7.54623450000000000000
