0 0.000000
1 0.455266
2 0.661763
3 1.207006
4 2.016447
5 1.898000
6 1.784454
7 2.085103
8 2.206944
9 2.329908
10 2.747820
11 2.279013
12 1.795184
13 1.816574
14 1.634433
15 2.126652
16 1.179423
17 1.511051
18 0.738258
19 0.587164
20 0.920273
21 0.704169
22 0.199335
23 0.314359
24 0.718209
25 0.973403
26 1.230202
27 0.888838
28 1.002052
29 0.760398
30 1.254366
31 0.884678
32 1.872900
33 1.590116
34 1.772060
35 1.812002
36 1.554961
37 1.587294
38 1.313093
39 1.230292
40 0.861922
41 1.131942
42 1.107491
43 1.488324
44 1.585357
45 1.937222
46 2.027559
47 1.270963
48 1.472194
49 1.540158
50 1.585226
51 1.488983
52 1.421587
53 1.768386
54 1.657761
55 2.206990
56 2.236538
57 1.816206
58 1.619715
59 2.230164
60 2.277107
61 2.450230
62 2.313640
63 2.243977
64 2.638168
65 2.089858
66 1.872669
67 2.050135
68 1.847364
69 1.789039
70 2.156471
71 1.840971
72 2.895717
73 3.580187
74 3.518883
75 3.619397
76 3.080478
77 2.971120
78 2.886908
79 3.582769
80 4.224102
81 3.960601
82 4.074800
83 4.080903
84 3.999192
85 3.638999
86 2.831772
87 2.568108
88 2.432005
89 3.026817
90 2.497199
91 2.811789
92 3.286752
93 2.570491
94 3.032427
95 2.968213
96 3.225577
97 3.542219
98 4.436865
99 4.477726
100 4.758134
