0 0
.3 .05128480000000000000
.6 .11195915000000000000
.9 .19050505000000000000
1.2 .23006330000000000000
1.5 .28505745000000000000
1.8 .26642535000000000000
2.1 .48869200000000000000
2.4 .59021310000000000000
2.7 .64183020000000000000
3.0
3.3 .82337495000000000000
3.6 .58341740000000000000
3.9 .63994705000000000000
4.2 .76466700000000000000
4.5 .79037905000000000000
4.8 .90104945000000000000
5.1 1.12041015000000000000
5.4 .79171265000000000000
5.7 1.24604115000000000000
6.0 1.50492020000000000000
6.3 1.30230885000000000000
6.6 1.04492615000000000000
6.9 1.13711510000000000000
7.2 1.42439250000000000000
7.5 1.39878390000000000000
7.8 1.49662660000000000000
8.1 1.64465650000000000000
8.4 1.38907800000000000000
8.7 1.44265510000000000000
9.0 1.85782825000000000000
9.3 1.24332310000000000000
9.6 1.37219270000000000000
9.9 2.33050815000000000000
10.2 2.06029660000000000000
10.5 1.92349795000000000000
10.8 1.87361245000000000000
11.1 1.75510080000000000000
11.4 2.35952720000000000000
11.7 2.78905800000000000000
12.0 2.22838515000000000000
12.3 2.33529965000000000000
12.6 2.83264745000000000000
12.9 2.23629115000000000000
13.2 2.24075030000000000000
13.5 3.09396340000000000000
13.8 2.81716070000000000000
14.1 3.24588860000000000000
14.4 2.78839325000000000000
14.7 2.67633700000000000000
15.0 3.18685335000000000000
15.3 2.88085420000000000000
15.6 3.93515030000000000000
15.9 2.95230825000000000000
16.2 3.31463150000000000000
16.5 3.17759170000000000000
16.8 4.53970770000000000000
17.1 3.30923120000000000000
17.4 4.19859565000000000000
17.7 3.66308425000000000000
18.0 4.00900070000000000000
18.3 2.82333860000000000000
18.6 3.13771930000000000000
18.9 4.18770615000000000000
19.2 4.16044005000000000000
19.5 4.89217490000000000000
19.8 3.83559280000000000000
20.1 4.24453695000000000000
20.4 4.06579870000000000000
20.7 3.72903010000000000000
21.0 5.66055620000000000000
21.3 3.98950305000000000000
21.6 4.99922350000000000000
21.9 4.57473340000000000000
22.2 7.54203270000000000000
22.5 4.34226755000000000000
22.8 4.63120805000000000000
23.1 4.92520980000000000000
23.4 3.87052460000000000000
23.7 4.87812895000000000000
24.0 4.70841200000000000000
24.3 5.00937025000000000000
24.6 6.24884570000000000000
24.9 6.19895560000000000000
25.2 5.38697510000000000000
25.5 4.91922810000000000000
25.8 5.69645140000000000000
26.1 7.11379455000000000000
26.4 5.20707140000000000000
26.7 4.98771605000000000000
27.0 5.84126650000000000000
27.3 6.67763220000000000000
27.6 6.88095525000000000000
27.9 5.01521535000000000000
28.2 5.73005230000000000000
28.5 6.56604380000000000000
28.8 6.04398890000000000000
29.1 8.86603595000000000000
29.4 12.87931470000000000000
29.7 16.19802965000000000000
30.0 9.62337355000000000000
