0 0
.3 .05120115000000000000
.6 .11179715000000000000
.9 .18938520000000000000
1.2 .22962955000000000000
1.5 .28486165000000000000
1.8 .26400260000000000000
2.1 .47403720000000000000
2.4 .56790180000000000000
2.7 .62429085000000000000
3.0 .49630495000000000000
3.3 .78256605000000000000
3.6 .57203305000000000000
3.9 .68930045000000000000
4.2 .86032575000000000000
4.5 .95458125000000000000
4.8 1.78768720000000000000
5.1 1.50780950000000000000
5.4 1.04310590000000000000
5.7 1.91835810000000000000
6.0 1.73404325000000000000
6.3 2.04638155000000000000
6.6 1.74935570000000000000
6.9 2.07724580000000000000
7.2 2.12894550000000000000
7.5 2.50455980000000000000
7.8 2.33748390000000000000
8.1 3.15409460000000000000
8.4 2.87708900000000000000
8.7 2.65638130000000000000
9.0 3.55676435000000000000
9.3 3.79727865000000000000
9.6 3.03261220000000000000
9.9 5.93803410000000000000
10.2 6.14866280000000000000
10.5 5.03770410000000000000
10.8 4.95447790000000000000
11.1 4.47722740000000000000
11.4 6.53993295000000000000
11.7 5.91056205000000000000
12.0 7.55370185000000000000
12.3 6.31029665000000000000
12.6 7.15637100000000000000
12.9 8.68521935000000000000
13.2 9.43869980000000000000
13.5 8.60463015000000000000
13.8 8.19526500000000000000
14.1 9.89305590000000000000
14.4 11.45824280000000000000
14.7 8.79024475000000000000
15.0 12.47483710000000000000
15.3 10.08116605000000000000
15.6 11.16995995000000000000
15.9 8.01824420000000000000
16.2 12.87297900000000000000
16.5 10.93793075000000000000
16.8 10.98392800000000000000
17.1 13.19262225000000000000
17.4 16.34190860000000000000
17.7 14.04367285000000000000
18.0 13.92442730000000000000
18.3 11.86567065000000000000
18.6 12.14309615000000000000
18.9 14.36847090000000000000
19.2
19.5 13.06609020000000000000
19.8 13.40272760000000000000
20.1 17.85423485000000000000
20.4 16.28378720000000000000
20.7 11.74510775000000000000
21.0 17.99989155000000000000
21.3 14.45408495000000000000
21.6 17.88869475000000000000
21.9 14.54408260000000000000
22.2 20.00534490000000000000
22.5 16.64790840000000000000
22.8 18.60264200000000000000
23.1 16.89100465000000000000
23.4 21.09368500000000000000
23.7 18.75557000000000000000
24.0 20.04935715000000000000
24.3 18.69436245000000000000
24.6 23.27270750000000000000
24.9 21.03691230000000000000
25.2 21.98995545000000000000
25.5 19.68601635000000000000
25.8 18.26029065000000000000
26.1 26.23065975000000000000
26.4 20.42110910000000000000
26.7 20.77902415000000000000
27.0 20.64763360000000000000
27.3 25.45256460000000000000
27.6 24.67849120000000000000
27.9 22.14705515000000000000
28.2 24.59740440000000000000
28.5 22.87759280000000000000
28.8 21.06650930000000000000
29.1 28.13042805000000000000
29.4 28.33704615000000000000
29.7 29.98187330000000000000
30.0 24.97036720000000000000
