1 0.186233
2 0.186233
3 0.186233
4 0.186233
5 0.186233
6 0.186233
7 0.186233
8 0.186233
9 0.186233
10 0.186233
11 0.186233
12 0.186233
13 0.186233
14 0.186233
15 0.186233
16 0.186233
17 0.186233
18 0.186233
19 0.186233
20 0.186233
21 0.186233
22 0.186233
23 0.186233
24 0.186233
25 0.186233
26 0.186233
27 0.186233
28 0.186233
29 0.186233
30 0.186233
31 0.186233
32 0.186233
33 0.186233
34 0.186233
35 0.186233
36 0.186233
37 0.186233
38 0.186233
39 0.186233
40 0.186233
41 0.186233
42 0.186233
43 0.186233
44 0.186233
45 0.186233
46 0.186233
47 0.186233
48 0.186233
49 0.186233
50 0.186233
51 0.186233
52 0.186233
53 0.186233
54 0.186233
55 0.186233
56 0.186233
57 0.186233
58 0.186233
59 0.186233
60 0.186233
61 0.186233
62 0.186233
63 0.186233
64 0.186233
65 0.186233
66 0.186233
67 0.186233
68 0.186233
69 0.186233
70 0.186233
71 0.186233
72 0.186233
73 0.186233
74 0.186233
75 0.186233
76 0.186233
77 0.186233
78 0.186233
79 0.186233
80 0.186233
81 0.186233
82 0.186233
83 0.186233
84 0.186233
85 0.186233
86 0.186233
87 0.186233
88 0.186233
89 0.186233
90 0.186233
91 0.186233
92 0.186233
93 0.186233
94 0.186233
95 0.186233
96 0.186233
97 0.186233
98 0.186233
99 0.186233
100 0.186233
