0 0
.3 .05114730000000000000
.6 .11173275000000000000
.9 .19031550000000000000
1.2 .22853615000000000000
1.5 .28416305000000000000
1.8 .26951500000000000000
2.1 .46825575000000000000
2.4 .56037750000000000000
2.7 .61905620000000000000
3.0 .49079740000000000000
3.3 .77255650000000000000
3.6 .56573790000000000000
3.9 .62082005000000000000
4.2 .72359695000000000000
4.5 .73411145000000000000
4.8 .83717675000000000000
5.1 1.04405900000000000000
5.4 .74152840000000000000
5.7 1.14736425000000000000
6.0 1.38099730000000000000
6.3 1.20412490000000000000
6.6 .96621955000000000000
6.9 1.06344900000000000000
7.2 1.32804310000000000000
7.5 1.27632775000000000000
7.8 1.38570280000000000000
8.1 1.50489695000000000000
8.4 1.29018990000000000000
8.7 1.33223775000000000000
9.0 1.74150375000000000000
9.3 1.14277330000000000000
9.6 1.26868450000000000000
9.9 2.13910520000000000000
10.2 1.90882310000000000000
10.5 1.76629090000000000000
10.8 1.77484025000000000000
11.1 1.63348845000000000000
11.4 2.21559520000000000000
11.7 2.60564240000000000000
12.0 2.07006765000000000000
12.3 2.16744485000000000000
12.6 2.60725200000000000000
12.9 2.07708650000000000000
13.2 2.04607720000000000000
13.5 2.94874185000000000000
13.8 2.62133945000000000000
14.1 3.07679920000000000000
14.4 2.60943320000000000000
14.7 2.49163625000000000000
15.0 3.06516090000000000000
15.3 2.62147515000000000000
15.6 3.69535805000000000000
15.9 2.78577875000000000000
16.2 3.12029650000000000000
16.5 2.95401960000000000000
16.8 4.22304010000000000000
17.1 3.01480135000000000000
17.4 3.89113060000000000000
17.7 3.49995925000000000000
18.0 3.56307290000000000000
18.3 2.63418460000000000000
18.6 2.97871060000000000000
18.9 3.96746390000000000000
19.2 3.77177845000000000000
19.5 4.50151320000000000000
19.8 3.47043255000000000000
20.1 3.96430120000000000000
20.4 3.85186530000000000000
20.7 3.40901750000000000000
21.0 5.24196500000000000000
21.3 3.61454495000000000000
21.6 4.59237350000000000000
21.9 4.24667215000000000000
22.2 5.14351075000000000000
22.5 3.89076520000000000000
22.8 4.40387420000000000000
23.1 4.36704535000000000000
23.4 3.57535020000000000000
23.7 3.72699160000000000000
24.0 4.39094930000000000000
24.3 4.71968955000000000000
24.6 4.24414525000000000000
24.9 3.84868820000000000000
25.2 4.84548850000000000000
25.5 4.69433480000000000000
25.8 5.11667005000000000000
26.1 6.70487070000000000000
26.4 4.78071265000000000000
26.7 4.61895960000000000000
27.0 5.30828665000000000000
27.3 6.17778515000000000000
27.6 4.78367320000000000000
27.9 4.59595020000000000000
28.2 5.40115345000000000000
28.5 5.71555670000000000000
28.8 5.72413740000000000000
29.1 5.57783065000000000000
29.4 5.95960840000000000000
29.7 5.64976605000000000000
30.0 7.32875695000000000000
