0 0.000000
1 0.454768
2 0.667657
3 1.334153
4 2.229092
5 2.090751
6 1.888913
7 2.275770
8 2.336492
9 2.570697
10 2.903569
11 2.386903
12 1.980176
13 1.910818
14 1.725700
15 2.220375
16 1.196184
17 1.579316
18 0.747645
19 0.608558
20 1.007726
21 0.708945
22 0.199077
23 0.315267
24 0.776733
25 1.018706
26 1.294101
27 0.893096
28 1.015215
29 0.765602
30 1.309938
31 0.889294
32 1.983434
33 1.691389
34 1.878856
35 1.918326
36 1.644461
37 1.676208
38 1.380135
39 1.242544
40 0.834608
41 1.087627
42 1.162570
43 1.561580
44 1.658269
45 2.025378
46 2.128090
47 1.329153
48 1.543854
49 1.615029
50 1.663536
51 1.499292
52 1.479239
53 1.826291
54 1.719530
55 2.308395
56 2.322729
57 1.879269
58 1.675605
59 2.332192
60 2.388458
61 2.566994
62 2.418596
63 2.342714
64 2.770964
65 2.193372
66 1.971760
67 2.155141
68 1.852309
69 1.820744
70 2.202569
71 1.947204
72 2.967276
73 3.690622
74 3.642649
75 3.724587
76 3.182627
77 3.060465
78 2.970583
79 3.690275
80 4.337317
81 4.072440
82 4.196520
83 4.200559
84 4.122614
85 3.736158
86 2.887087
87 2.629904
88 2.472143
89 3.122023
90 2.546228
91 2.885898
92 3.370974
93 2.621059
94 3.127604
95 3.045786
96 3.298029
97 3.623031
98 4.574722
99 4.574980
100 4.896513
